0.176 0.175 0.175 0.175 0.175 0.177 0.185 0.188
0.08 0.079 0.079 0.078 0.078 0.086 0.098 0.11
0.032 0.031 0.031 0.031 0.031 0.033 0.037 0.042
0.021 0.021 0.021 0.02 0.02 0.022 0.023 0.025
0.018 0.017 0.017 0.017 0.017 0.016 0.016 0.017
0.019 0.019 0.018 0.018 0.018 0.02 0.02 0.022
0.028 0.027 0.027 0.027 0.026 0.029 0.032 0.037
0.044 0.043 0.043 0.043 0.042 0.046 0.054 0.062
0.092 0.091 0.091 0.09 0.09 0.097 0.108 0.121
0.113 0.112 0.112 0.112 0.111 0.121 0.13 0.143
0.139 0.138 0.137 0.137 0.136 0.146 0.153 0.159
0.165 0.165 0.164 0.164 0.163 0.165 0.173 0.176
0.221 0.22 0.219 0.219 0.219 0.213 0.219 0.213
0.277 0.276 0.276 0.276 0.276 0.263 0.275 0.281
0.339 0.338 0.338 0.338 0.338 0.326 0.333 0.351
0.339 0.338 0.338 0.338 0.338 0.326 0.333 0.351
0.339 0.338 0.338 0.338 0.338 0.326 0.333 0.351
0.339 0.338 0.338 0.338 0.338 0.326 0.333 0.351
0.339 0.338 0.338 0.338 0.338 0.326 0.333 0.351
0.339 0.338 0.338 0.338 0.338 0.326 0.333 0.351
