-0.723 -0.727 -0.733 -0.741 -0.75 -0.76 -0.774 -0.762
-0.449 -0.452 -0.456 -0.462 -0.468 -0.477 -0.488 -0.478
-0.185 -0.186 -0.188 -0.191 -0.195 -0.199 -0.204 -0.199
-0.058 -0.059 -0.06 -0.061 -0.062 -0.064 -0.066 -0.062
0.065 0.065 0.065 0.066 0.067 0.068 0.07 0.071
0.19 0.191 0.193 0.195 0.198 0.201 0.206 0.206
0.319 0.32 0.323 0.327 0.331 0.337 0.344 0.342
0.45 0.452 0.456 0.461 0.467 0.474 0.483 0.48
0.654 0.657 0.662 0.669 0.675 0.683 0.693 0.688
0.725 0.728 0.734 0.741 0.747 0.755 0.766 0.76
0.799 0.802 0.808 0.815 0.822 0.83 0.841 0.834
0.864 0.868 0.877 0.889 0.897 0.905 0.916 0.909
0.98 0.983 0.99 1.001 1.009 1.017 1.027 1.019
1.081 1.084 1.09 1.1 1.107 1.114 1.124 1.114
1.166 1.167 1.17 1.177 1.182 1.189 1.198 1.186
1.23 1.228 1.226 1.228 1.232 1.236 1.242 1.231
1.324 1.326 1.332 1.34 1.346 1.354 1.364 1.356
1.385 1.384 1.389 1.4 1.419 1.439 1.464 1.479
1.374 1.382 1.4 1.424 1.456 1.492 1.537 1.582
1.38 1.391 1.414 1.445 1.486 1.537 1.598 1.668